1 2 1 931125600
1 3 1 931125600
1 4 1 1015887601
1 4 1 931125600
1 5 1 931125600
1 6 1 931125600
1 7 1 931125600
1 8 1 1015887601
1 8 1 888793200
1 8 1 920242800
1 8 1 928620000
1 8 1 931125600
1 9 1 931125600
1 10 1 1015887601
1 10 1 920242800
1 10 1 931125600
1 11 1 1015887601
1 11 1 931125600
1 20 1 1015887601
1 20 1 917996400
1 21 1 1015887601
1 22 1 1015887601
1 23 1 1015887601
1 23 1 920242800
1 24 1 1015887601
1 24 1 858726000
1 24 1 917996400
1 24 1 923263200
1 24 1 928620000
1 24 1 933026400
1 24 1 939938400
1 25 1 1015887601
1 25 1 911430000
1 25 1 917996400
1 25 1 928620000
1 25 1 933026400
1 25 1 939938400
1 27 1 1015887601
1 27 1 888793200
1 31 1 928620000
1 35 1 928620000
1 38 1 1015887601
1 38 1 844725600
1 38 1 858726000
1 38 1 866412000
1 38 1 887583600
1 38 1 916959600
1 38 1 920242800
1 38 1 923263200
1 38 1 928620000
1 39 1 1015887601
1 39 1 858726000
1 39 1 866412000
1 39 1 916959600
1 39 1 920242800
1 40 1 1015887601
1 40 1 917996400
1 40 1 920242800
1 40 1 933026400
1 40 1 939938400
1 41 1 1015887601
1 41 1 920242800
1 42 1 1015887601
1 42 1 920242800
1 155 1 911430000
1 351 1 1015887601
1 1191 1 1015887601
1 1213 1 1015887601
1 1697 1 1015887601
1 2635 1 1015887601
1 2638 1 928620000
1 2639 1 1015887601
1 2639 1 928620000
1 2641 1 1015887601
1 2651 1 928620000
1 2687 1 1015887601
1 2795 1 928620000
1 2993 1 1015887601
1 3031 1 1015887601
1 3047 1 1015887601
1 3200 1 1015887601
1 3200 1 798674400
1 3200 1 917996400
1 3200 1 928620000
1 3200 1 933026400
1 3200 1 939938400
1 3201 1 1015887601
1 3203 1 1015887601
1 3203 1 928620000
1 3206 1 1015887601
1 3206 1 917996400
1 3206 1 933026400
1 3206 1 939938400
1 3207 1 928620000
1 3208 1 1015887601
1 3208 1 933026400
1 3208 1 939938400
1 3209 1 1015887601
1 3209 1 911430000
1 3209 1 923263200
1 3211 1 1015887601
1 3211 1 864597600
1 3211 1 911430000
1 3214 1 858726000
1 3283 1 1015887601
1 3285 1 1015887601
1 3663 1 1015887601
1 3986 1 1015887601
1 3988 1 1015887601
1 3988 1 928620000
1 3989 1 1015887601
1 3989 1 917996400
1 3989 1 928620000
1 3989 1 933026400
1 3989 1 939938400
1 3992 1 1015887601
1 3992 1 806018400
1 3992 1 864597600
1 3992 1 911430000
1 3993 1 1015887601
1 3997 1 1015887601
1 3999 1 1015887601
1 3999 1 917996400
1 3999 1 933026400
1 3999 1 939938400
1 4051 1 774136800
1 4053 1 911430000
1 4056 1 928620000
1 4103 1 911430000
1 4107 1 806018400
1 4109 1 911430000
1 4198 1 928620000
1 4228 1 928620000
1 4229 1 928620000
1 4439 1 1015887601
1 4499 1 1015887601
1 4551 1 1015887601
1 4882 1 1015887601
1 4882 1 917996400
1 4882 1 923263200
1 4882 1 933026400
1 4882 1 939938400
1 4883 1 1015887601
1 4883 1 917996400
1 4883 1 933026400
1 4883 1 939938400
1 4884 1 1015887601
1 4884 1 917996400
1 4884 1 933026400
1 4884 1 939938400
1 4886 1 1015887601
1 4886 1 917996400
1 4886 1 933026400
1 4886 1 939938400
1 4898 1 1015887601
1 4898 1 933026400
1 4905 1 1015887601
1 4906 1 1015887601
1 4908 1 1015887601
1 5134 1 742428000
1 5635 1 1015887601
1 5636 1 1015887601
1 5646 1 1015887601
1 5647 1 1015887601
1 5648 1 1015887601
1 5649 1 1015887601
1 5650 1 1015887601
1 5651 1 1015887601
1 5652 1 1015887601
1 5653 1 1015887601
1 5654 1 1015887601
1 5656 1 1015887601
1 5657 1 1015887601
1 5658 1 1015887601
1 5848 1 1015887601
1 5851 1 1015887601
1 5855 1 1015887601
1 5855 1 917996400
1 5855 1 923263200
1 5855 1 933026400
1 5855 1 939938400
1 5857 1 1015887601
1 5857 1 917996400
1 5857 1 933026400
1 5857 1 939938400
1 5865 1 1015887601
1 5867 1 1015887601
1 5867 1 806018400
1 5867 1 911430000
1 5868 1 806018400
1 5868 1 911430000
1 5871 1 911430000
1 5872 1 1015887601
1 5872 1 911430000
1 5873 1 911430000
1 5875 1 911430000
1 5876 1 1015887601
1 5877 1 1015887601
1 5881 1 1015887601
1 5882 1 1015887601
1 5883 1 1015887601
1 5886 1 1015887601
1 5888 1 1015887601
1 6000 1 1015887601
1 6013 1 1015887601
1 6014 1 928620000
1 6019 1 1015887601
1 6020 1 1015887601
1 6257 1 1015887601
1 6257 1 933026400
1 6257 1 939938400
1 6258 1 1015887601
1 6258 1 917996400
1 6258 1 933026400
1 6258 1 939938400
1 6260 1 1015887601
1 6260 1 917996400
1 6260 1 933026400
1 6260 1 939938400
1 6261 1 1015887601
1 6261 1 917996400
1 6261 1 933026400
1 6261 1 939938400
1 6262 1 1015887601
1 6262 1 917996400
1 6262 1 923263200
1 6262 1 933026400
1 6262 1 939938400
1 6271 1 1015887601
1 6271 1 917996400
1 6271 1 933026400
1 6271 1 939938400
1 6272 1 1015887601
1 6272 1 933026400
1 6272 1 939938400
1 6273 1 1015887601
1 6273 1 866412000
1 6273 1 887583600
1 6273 1 916959600
1 6273 1 923263200
1 6273 1 928620000
1 6273 1 933026400
1 6273 1 939938400
1 6274 1 1015887601
1 6274 1 917996400
1 6274 1 933026400
1 6274 1 939938400
1 6275 1 1015887601
1 6275 1 917996400
1 6275 1 933026400
1 6275 1 939938400
1 6276 1 1015887601
1 6276 1 917996400
1 6276 1 928620000
1 6276 1 933026400
1 6276 1 939938400
1 6277 1 1015887601
1 6277 1 917996400
1 6277 1 923263200
1 6277 1 933026400
1 6277 1 939938400
1 6278 1 1015887601
1 6278 1 916959600
1 6278 1 933026400
1 6278 1 939938400
1 6279 1 1015887601
1 6279 1 933026400
1 6279 1 939938400
1 6280 1 1015887601
1 6280 1 928620000
1 6280 1 933026400
1 6280 1 939938400
1 6281 1 1015887601
1 6281 1 939938400
1 6302 1 1015887601
1 6797 1 1015887601
1 6798 1 1015887601
1 7038 1 1015887601
1 7046 1 1015887601
1 7850 1 911430000
1 8512 1 928620000
1 8552 1 928620000
1 8589 1 928620000
1 8748 1 1015887601
1 8954 1 1015887601
1 9273 1 1015887601
1 9274 1 1015887601
1 9276 1 1015887601
1 9399 1 911430000
1 9586 1 1015887601
1 10003 1 1015887601
1 10039 1 1015887601
1 10040 1 1015887601
1 10774 1 1015887601
1 10897 1 928620000
1 11090 1 1015887601
1 11095 1 1015887601
1 11097 1 1015887601
1 11101 1 1015887601
1 11110 1 1015887601
1 11113 1 1015887601
1 11123 1 1015887601
1 11136 1 1015887601
1 11139 1 1015887601
1 11142 1 1015887601
1 11146 1 1015887601
1 11147 1 1015887601
1 11149 1 1015887601
1 11150 1 1015887601
1 11151 1 1015887601
1 11383 1 1015887601
1 11385 1 1015887601
1 11386 1 1015887601
1 11388 1 1015887601
1 11389 1 1015887601
1 11410 1 1015887601
1 11416 1 928620000
1 11570 1 1015887601
1 11571 1 1015887601
1 11584 1 1015887601
1 11659 1 1015887601
1 11957 1 911430000
1 11957 1 923263200
1 12255 1 1015887601
1 12257 1 1015887601
1 12258 1 1015887601
1 12283 1 798674400
1 12291 1 1015887601
1 12381 1 1015887601
1 12382 1 1015887601
1 12554 1 1015887601
1 13249 1 1015887601
1 13254 1 1015887601
1 13272 1 911430000
1 13274 1 1015887601
1 13323 1 1015887601
1 13327 1 1015887601
1 13335 1 1015887601
1 13346 1 1015887601
1 13385 1 774136800
1 13425 1 1015887601
1 13467 1 1015887601
1 13469 1 1015887601
1 13470 1 1015887601
1 13483 1 1015887601
1 13492 1 1015887601
1 13493 1 1015887601
1 13497 1 1015887601
1 13498 1 1015887601
1 13545 1 1015887601
1 13546 1 1015887601
1 13547 1 1015887601
1 13547 1 911430000
1 13550 1 1015887601
1 13550 1 911430000
1 13665 1 1015887601
1 14014 1 1015887601
1 14240 1 1015887601
1 14323 1 1015887601
1 14656 1 1015887601
1 14672 1 864597600
1 14781 1 1015887601
1 14789 1 1015887601
1 14953 1 1015887601
1 15079 1 1015887601
1 15080 1 1015887601
1 15082 1 1015887601
1 15341 1 1015887601
1 15346 1 1015887601
1 16272 1 1015887601
1 16707 1 1015887601
1 16777 1 1015887601
1 16779 1 928620000
1 16780 1 928620000
1 16781 1 1015887601
1 16781 1 928620000
1 16782 1 928620000
1 16802 1 1015887601
1 16813 1 1015887601
1 16873 1 1015887601
1 16876 1 770508000
1 17030 1 1015887601
1 17031 1 1015887601
1 17041 1 1015887601
1 17042 1 1015887601
1 17043 1 1015887601
1 17209 1 772322400
1 17220 1 1015887601
1 17226 1 1015887601
1 17229 1 1015887601
1 17230 1 1015887601
1 17294 1 1015887601
1 17377 1 1015887601
1 17609 1 917996400
1 17646 1 864597600
1 17648 1 1015887601
1 17648 1 911430000
1 17652 1 1015887601
1 17856 1 1015887601
1 18169 1 1015887601
1 18174 1 1015887601
1 18466 1 911430000
1 18582 1 1015887601
1 18583 1 1015887601
1 18792 1 1015887601
1 18793 1 1015887601
1 18794 1 1015887601
1 18795 1 1015887601
1 18796 1 1015887601
1 18797 1 1015887601
1 18798 1 1015887601
1 18824 1 911430000
1 18825 1 911430000
1 18854 1 1015887601
1 18860 1 911430000
1 18860 1 916959600
1 18861 1 911430000
1 18861 1 916959600
1 18863 1 911430000
1 18972 1 911430000
1 19524 1 1015887601
1 19524 1 917996400
1 19667 1 1015887601
1 19668 1 1015887601